version https://git-lfs.github.com/spec/v1
oid sha256:f7dc37f8d91d0f901f24b93ddef5ec97203fb1379ee26bf67ffe0b1ae796f2cd
size 22184296
